Algorithm   10      Data 1         Data 2         Data 3         Data 4         Data 5         
---------------------------------------------------------------------------------------------- 
Two Pass    Mean    1234.02824     1234.00673     1233.99732     1234.00007     1233.99998     
            Var     1.53741275     0.00547743486  6.45411479e-05 1.00240564e-06 3.32957069e-09 
            StdDev  1.23992449     0.0740096944   0.00803375055  0.0010012021   5.77024323e-05 

West's      Mean    1234.01623     1234.00614     1233.99781     1233.99998     1233.99997     
            Var     1.53597005     0.0054739356   6.21246905e-05 9.26059218e-07 2.93547578e-09 
            StdDev  1.23934259     0.07398605     0.00788192175  0.000962319707 5.41800311e-05 

Textbook    Mean    1234.02824     1234.00673     1233.99732     1234.00007     1233.99998     
            Var     1.53741275     0.00547743423  6.45414823e-05 1.00168917e-06 3.10440858e-09 
            StdDev  1.23992449     0.0740096901   0.00803377136  0.00100084423  5.57172198e-05 

Cotton's    Mean    1234.01623     1234.00614     1233.99781     1233.99998     1233.99997     
            Var     1.53597005     0.00547393603  6.21243897e-05 9.25527679e-07 3.25962901e-09 
            StdDev  1.23934259     0.0739860529   0.00788190267  0.000962043491 5.70931608e-05 


Algorithm   100     Data 1         Data 2         Data 3         Data 4         Data 5         
---------------------------------------------------------------------------------------------- 
Two Pass    Mean    1233.99247     1233.98976     1234.00014     1233.99999     1234.00001     
            Var     0.989520579    0.0119203844   0.000107294766 9.14309231e-07 7.7860213e-09  
            StdDev  0.99474649     0.109180513    0.0103583187   0.000956195184 8.82384344e-05 

West's      Mean    1233.99102     1233.98953     1234.00021     1233.99998     1234.00001     
            Var     0.989309396    0.0119153117   0.000106759848 9.06680802e-07 7.77747954e-09 
            StdDev  0.994640335    0.10915728     0.0103324657   0.00095219788  8.81900195e-05 

Textbook    Mean    1233.99247     1233.98976     1234.00014     1233.99999     1234.00001     
            Var     0.989520579    0.0119203853   0.000107294983 9.14840987e-07 8.12790611e-09 
            StdDev  0.99474649     0.109180517    0.0103583292   0.000956473203 9.01549006e-05 

Cotton's    Mean    1233.99102     1233.98953     1234.00021     1233.99998     1234.00001     
            Var     0.989309397    0.0119153106   0.000106759219 9.05998126e-07 8.21727544e-09 
            StdDev  0.994640336    0.109157275    0.0103324353   0.000951839339 9.06491889e-05 


Algorithm   1000    Data 1         Data 2         Data 3         Data 4         Data 5         
---------------------------------------------------------------------------------------------- 
Two Pass    Mean    1233.98172     1234.00443     1234.00003     1234           1234           
            Var     0.991909903    0.0100587577   0.000108943722 9.64544483e-07 9.03465713e-09 
            StdDev  0.995946737    0.100293358    0.0104376109   0.000982112256 9.50508134e-05 

West's      Mean    1233.98156     1234.00443     1234.00004     1234           1234           
            Var     0.991885948    0.0100586995   0.000108892714 9.63802676e-07 9.03369962e-09 
            StdDev  0.995934711    0.100293068    0.0104351672   0.000981734524 9.50457764e-05 

Textbook    Mean    1233.98172     1234.00443     1234.00003     1234           1234           
            Var     0.991909905    0.0100587546   0.000108941539 9.63220606e-07 1.52740631e-08 
            StdDev  0.995946738    0.100293343    0.0104375064   0.00098143803  0.000123588281 

Cotton's    Mean    1233.98156     1234.00443     1234.00004     1234           1234           
            Var     0.991885948    0.0100586976   0.000108895188 9.64223712e-07 1.16433967e-08 
            StdDev  0.995934711    0.100293058    0.0104352857   0.000981948936 0.000107904572 


