Algorithm   10      Data 1         Data 2         Data 3         Data 4         Data 5         
---------------------------------------------------------------------------------------------- 
Two Pass    Mean    1234.0282      1234.00671     1233.99731     1234           1234           
            Var     1.53737581     0.00548095489  6.45369291e-05 9.91755087e-07 4.96705388e-09 
            StdDev  1.23990965     0.074033469    0.00803348795  0.00099586905  7.04773265e-05 

West's      Mean    1234.01636     1234.0061      1233.9978      1234           1233.99988     
            Var     1.53591216     0.00548111554  6.22115476e-05 8.97368523e-07 8.00970312e-09 
            StdDev  1.23931921     0.0740345567   0.00788742956  0.000947295397 8.94969417e-05 

Textbook    Mean    1234.0282      1234.00671     1233.99731     1234           1234           
            Var     1.44444442     0              0              0.111111112    0              
            StdDev  1.20185041     0              0              0.333333343    0              

Cotton's    Mean    1234.01636     1234.0061      1233.9978      1234           1233.99988     
            Var     1.19444442     -0.055555556   -0.166666672   -0.166666672   0.166666672    
            StdDev  1.09290636     -nan           -nan           -nan           0.408248305    


Algorithm   100     Data 1         Data 2         Data 3         Data 4         Data 5         
---------------------------------------------------------------------------------------------- 
Two Pass    Mean    1233.99255     1233.9895      1233.99988     1233.99988     1234           
            Var     0.98951757     0.0119202044   0.000107376109 9.32601949e-07 9.18152399e-09 
            StdDev  0.994744956    0.10917969     0.0103622442   0.000965713174 9.58202727e-05 

West's      Mean    1233.99097     1233.98938     1234.00037     1233.99976     1233.99988     
            Var     0.989287376    0.0119175836   0.000106285268 9.47778744e-07 2.41039864e-08 
            StdDev  0.994629264    0.109167688    0.0103094745   0.000973539311 0.000155254587 

Textbook    Mean    1233.99255     1233.9895      1233.99988     1233.99988     1234           
            Var     0.323232323    0.646464646    0.484848499    0              -0.969696999   
            StdDev  0.568535268    0.80403024     0.696310639    0              -nan           

Cotton's    Mean    1233.99097     1233.98938     1234.00037     1233.99976     1233.99988     
            Var     0.674242437    0.48989898     -0.469696969   0.449494958    -0.227272734   
            StdDev  0.821122646    0.699927866    -nan           0.670443833    -nan           


Algorithm   1000    Data 1         Data 2         Data 3         Data 4         Data 5         
---------------------------------------------------------------------------------------------- 
Two Pass    Mean    1233.98267     1234.00415     1233.99988     1234           1234           
            Var     0.991909444    0.0100588053   0.000108957021 9.64712171e-07 1.05754987e-08 
            StdDev  0.995946527    0.100293599    0.0104382476   0.000982197584 0.000102837243 

West's      Mean    1233.98083     1234.00415     1234.00024     1233.99976     1233.99988     
            Var     0.991876721    0.0100621004   0.000108652966 1.01791329e-06 2.61917421e-08 
            StdDev  0.995930076    0.10031002     0.0104236733   0.00100891688  0.00016183863  

Textbook    Mean    1233.98267     1234.00415     1233.99988     1234           1234           
            Var     -1.15315318    1.15315318     2.43443441     13.197197      15.2472477     
            StdDev  -nan           1.07384968     1.56026745     3.63279462     3.90477252     

Cotton's    Mean    1233.98083     1234.00415     1234.00024     1233.99976     1233.99988     
            Var     2.98173165     0.913413405    1.53903902     13.7862864     15.4489489     
            StdDev  1.72676909     0.955726624    1.24058008     3.71298885     3.93051505     


